0001001001000000000000000000000000000000000000000000
0000001001000001101000010000000001000000010000000000
0000010000110000000000001000000000000000011011000000
0000010001110000000000001000000000000000011011000000
0001101010000000000000000000000000000000000000000000
0000001001000001101000010000000001000000010000010000
0000010110110000000000001000000000000000011011000001
0000001011110000000000001000000000000000011011000001
0000010010110000000000010000000000000000100000110000
0000001001000001101000010000000001000000010000100000
0000011111100001010100000000101100001110100000000000
0000011111100001010100000000101100001110100000000000
0000001001000000010000000000000000001000011000000000
0000001001000001101000000100000001000000010000000000
0000001001000001000000001000000000000000000101000001
0000001110010000000000001000000000000000000000000000
0000101000000000000000000000000000000000000000001110
0000101000100000000000000000000000000000000000001100
0010010101100000000000000000000000000000000000000000
0010010101100000000000000000000000000000000000000000
0000001001000001010001000000000000001001011000000000
0000001001000001010001000000000000001001000110000001
0000001001000000010000000000000000001000000100000001
0100001000001000000000010000000000000000000000110010
0000101100001000000000000000000000000000000000001010
0000101100101000000000000000000000000000000000001010
0000010100100100000000100000000000000000000000000010
0000001001000001101000100000000001000000000000000010
0000101110001001000001000000000000000001000000001010
0000101110101000000000000000000000000000000000001000
0000001001000000010000100000000000000100000000001010
0000001001000001101000100000000001000000000000000000
0000010010001000001000000010000010000000000000000000
0100001110100000000000000000000000000000000000000000
0000010111000001000010000001000000010010100000000000
0100001000101000000000010000000000000000000000110000
0000110010000000000000000000000000000000000000001110
0000110010101000000000000000000000000000000000001010
0000010111110001000000010000000000100010100000110000
0000010110000000010000100000000000000100000000000010
0000110100000000000000000000000000000000000000001110
1000000000000010000000000000000000000000000000000000
0000011110010000000000000000010000000000000000000000
0000011001010000010001000000000000000000000000000000
0000011010110001000000010000000000010010100000110000
0100001100100000000000000000000000000000000000000000
0000001001000000001000100000000000000000000000001010
0000010100001000000001000000000000000000000000000000
0000011111100001010100000000101100001110100000000000
0000011111100001010100000000101100001110100000000000
0100001100000000000000000000000000000000000000000000
0000000000000000000000000000000000000000000000000000
0000000000000000000000000000000000000000000000000000
0000111010101000000000000000000000000000000000001010
0000000000000000000000000000000000000000000000000000
0000010111000001000010000001000000010010100000000000
0000011111100001010100000000101100001110100000000000
0000011111100001010100000000101100001110100000000000
0000000000000000000000000000000000000000000000000000
0000011111100001000100000000101000000010100000000000
0000111110001000000000000000000000000000000000001010
0000011111100001010100000000101100001110100000000000
0000001001000000010000100000000000000100000000001010
0000010000010001000000010000000000100010100000110000