010010010000000000000000000000000000000000000000
000010010000011010000100000001000000010000000000
000100001100000000000010000000000000011011000000
000100011100000000000010000000000000011011000000
011010100000000000000000000000000000000000000000
000010010000011010000100000001000000010000010000
000101101100000000000010000000000000011011000001
000010111100000000000010000000000000011011000001
000100101100000000000100000000000000100000110000
000010010000011010000100000001000000010000100000
000111111000010101000000001000001110100000000000
000111111000010101000000001000001110100000000000
000010010000000100000000000000001000011000000000
000010010000011010000001000001000000010000000000
000010010000010000000010000000000000000101000001
000011100100000000000010000000000000000000000000
001010000000000000000000000000000000000000001110
001010001000000000000000000000000000000000001100
000110010100000100010000000000000000000000000000
000110010100000100010000000000000000000000000000
000010010000010100010000000000001001011000000000
000010010000010100010000000000001001000110000001
000010010000000100000000000000001000000100000001
000010000010000000000100000000000000000000110010
001011000010000000000000000000000000000000001010
001011001010000000000000000000000000000000001010
000101001001000000001000000000000000000000000010
000010010000011010001000000001000000000000000010
001011100010010000010000000000000001000000001010
001011101010000000000000000000000000000000001000
000010010000000100001000000000000100000000001010
000010010000011010001000000001000000000000000000
000100100010000010000000100010000000000000000000
000011101000000000000000000000000000000000000000
000101110000010000100000010000010010100000000000
000010001010000000000100000000000000000000110000
001100100000000000000000000000000000000000001110
001100101010000000000000000000000000000000001010
000101111100010000000100000000100010100000110000
000101100000000100001000000000000100000000000010
001101000000000000000000000000000000000000001110
100000000000100000000000000000000000000000000000
000111100100000000000000000100000000000000000000
000000000000000000000000000000000000000000000000
000110101100010000000100000000010010100000110000
000011001000000000000000000000000000000000000000
000010010000000010001000000000000000000000001010
000101000010000000010000000000000000000000000000
000111111000010101000000001000001110100000000000
000000000000000000000000000000000000000000000000
000011000000000000000000000000000000000000000000
000000000000000000000000000000000000000000000000
000000000000000000000000000000000000000000000000
001110101010000000000000000000000000000000001010
000000000000000000000000000000000000000000000000
000101110000010000100000010000010010100000000000
000000000000000000000000000000000000000000000000
000000000000000000000000000000000000000000000000
000000000000000000000000000000000000000000000000
000000000000000000000000000000000000000000000000
001111100010000000000000000000000000000000001010
000000000000000000000000000000000000000000000000
000010010000000100001000000000000100000000001010
000100000100010000000100000000100010100000110000