01001001000000000000000000000000000000000000000000000000
00001001000001101000000010000000000100000001000000000000
00001110110000000000100001000000000000000001101100000000
00010001110000000000110001000000000000000001101100000000
01101010000000000000000000000000000000000000000000000000
00001001000001101000000010000000000100000001000000010000
00001100110000000000100001000000000000000001101100000001
00001011110000000000110001000000000000000001101100000001
00010010110000000000000010000000000000000010000000110000
00001001000001101000100010000000000100000001000000100000
00011111100001010100000000000100000000111010000000000000
00011111100001010100000000000100000000111010000000000000
00001001000000010000000000000000000000100001100000000000
00001001000001101000000000100000000100000001000000000000
00001001000001000000000001000000000000000000010100000001
00001110010000000000100001000000000000000000000000000000
00101000000000000000000000000000000000000000000000001110
00101000100000000000000000000000000000000000000000001100
00001100010000010000101000000000000000000000000000000000
00001100010000010000101000000000000000000000000000000000
00001001000001010000001000000000000000100101100000000000
00001001000001010000001000000000000000100100011000000001
00001001000000010000000000000000000000100000010000000001
00001000001000000000000010000000000000000000000000110010
00101100001000000000000000000000000000000000000000001010
00101100101000000000000000000000000000000000000000001010
00010100100100000000000100000000000000000000000000000010
00001001000001101000000100000000000100000000000000000010
00101110001001000000001000000000000000000100000000001010
00101110101000000000000000000000000000000000000000001000
00001001000000010000000100000000000000010000000000001010
00001001000001101000000100000000000100000000000000000000
00010010001000001000000000010000001000000000000000000000
00000000000000000000000000000000000000000000000000000000
00010111000001000010000000001000000001001010000000000000
00001000101000000000000010000000000000000000000000110000
00110010000000000000000000000000000000000000000000001110
00110010101000000000000000000000000000000000000000001010
00010111110001000000110010000000000010001010000000110000
00010110000000010000000100000000000000010000000000000010
00110100000000000000000000000000000000000000000000001110
10000000000010000000000000000000000000000000000000000000
00011110010000000000100000000010000000000000000000000000
00011100000000000001000000000000100000000000000000000000
00011010110001000000100010000000000001001010000000110000
00000000000000000000000000000000000000000000000000000000
00001001000000001000000100000000000000000000000000001010
00010100001000000000001000000000000000000000000000000000
00011111100001010100000000000100000000111010000000000000
00111000101000000000000000000000000000000000000000001010
00000000000000000000000000000000000000000000000000000000
00011010000000000000000000000000100000000000000000000000
00111010000000000000000000000000000000000000000000001110
00111010101000000000000000000000000000000000000000001010
00000000010000000000000000000000110000000000000001000000
00010111000001000010000000001000000001001010000000000000
00011000110000000000000000000001100000000000000010000000
00000000000000000000000000000000000000000000000000000000
00000000000000000000000000000000000000000000000000000000
00000000000000000000000000000000000000000000000000000000
00111110001000000000000000000000000000000000000000001010
00000000000000000000000000000000000000000000000000000000
00001001000000010000000100000000000000010000000000001010
00010000010001000000110010000000000010001010000000110000